0 0.829910 0.412620 0.224942 0.170421
2 0.383041 0.870006 0.143956 0.155456
0 0.483512 0.375913 0.161953 0.160096
2 0.383038 0.664477 0.149955 0.153957
2 0.167103 0.190635 0.152951 0.153957
2 0.785669 0.173446 0.226434 0.242157
0 0.302061 0.426063 0.206940 0.131538
0 0.863646 0.861787 0.193438 0.198800
0 0.638713 0.671953 0.364392 0.351270
0 0.166354 0.621130 0.214437 0.156950
2 0.110118 0.583012 0.086972 0.086701
2 0.624465 0.375989 0.152951 0.150970
2 0.375541 0.287049 0.254923 0.275041
0 0.178348 0.825913 0.169449 0.180862
